"","capitalini","parcellesini","stratCulture","parcelleculti","stratSeau","stratGG","stratLance","capital","prelevement","agrandissement","empechement"
"1",-0.0750583138953682,0.333361101854937,NA,0.0255100151801251,0.177456472842386,0.1242919026991,-0.043643785404865,0.131610891607559,0.141397312007109,-0.333583250027769,-0.248170748639342
"2",-0.225058313895368,2.77685216039103e-05,NA,-0.085601095930986,0.114956472842386,0.0617919026991003,-0.143643785404865,0.0200037487504165,0.025656571266368,-0.000249916694435188,-0.248170748639342
"3",0.374941686104632,2.77685216039103e-05,NA,0.173658163328273,0.177456472842386,0.1867919026991,0.106356214595135,0.225360891607559,0.50250842311822,0.333083416638898,-0.164837415306009
"4",-0.0750583138953682,-0.333305564811729,NA,0.0255100151801251,0.239956472842386,-0.000708097300899699,-0.043643785404865,0.0914323201789879,0.261767682377479,0.666416749972231,-0.123170748639342
"5",0.2,-0.25,NA,0.0215185185185185,-0.0621130952380952,0.421020833333333,-0.152039473684211,0.0345575203252032,0.157274566473988,-0.00297222222222222,-0.219208333333333
"6",-0.25,-0.25,NA,-0.0525555555555555,0.00931547619047619,0.254354166666667,-0.152039473684211,-0.0532473577235772,-0.016135838150289,-0.00297222222222222,-0.219208333333333
"7",-0.05,0.416666666666667,NA,0.0215185185185185,0.00931547619047619,0.421020833333333,-0.152039473684211,0.0248014227642276,0.122592485549133,-0.00297222222222222,-0.219208333333333
"8",0.1,-0.25,NA,-0.0525555555555555,0.00931547619047619,0.254354166666667,-0.152039473684211,-0.00446686991869919,0.0590086705202312,-0.00297222222222222,-0.219208333333333
"9",-0.25,0.0833333333333333,NA,-0.0213514492753623,0.00420238095238095,0.169576388888889,-0.04059375,0.111044032921811,0.136890034364261,-0.00227777777777778,-0.193395833333333
"10",0.2,-0.25,NA,-0.108307971014493,0.00420238095238095,0.169576388888889,-0.123927083333333,-0.0864868312757202,-0.0847594501718213,-0.00227777777777778,-0.193395833333333
"11",-0.05,-0.25,NA,-0.151786231884058,-0.0672261904761905,0.169576388888889,-0.123927083333333,-0.0519189300411523,-0.0589862542955327,-0.00227777777777778,-0.193395833333333
"12",0.1,0.416666666666667,NA,-0.0213514492753623,0.00420238095238095,0.169576388888889,-0.04059375,-0.0321658436213992,0.0801890034364261,-0.00227777777777778,-0.193395833333333
"13",0.2,-0.25,NA,0.066463768115942,0.0074404761904762,0.505027777777778,-0.134738636363636,0.146114057239057,0.162217757936508,0.330861111111111,-0.196864583333333
"14",-0.05,0.416666666666667,NA,0.153420289855072,0.150297619047619,0.505027777777778,-0.134738636363636,-0.0357041245791246,0.120551091269841,-0.335805555555556,-0.196864583333333
"15",0.1,-0.25,NA,-0.0639710144927536,0.150297619047619,0.0883611111111111,-0.134738636363636,0.0400534511784512,0.0134082341269841,-0.00247222222222222,-0.196864583333333
"16",-0.25,0.0833333333333333,NA,-0.0204927536231884,0.150297619047619,0.171694444444444,-0.134738636363636,0.146114057239057,0.0967415674603175,-0.00247222222222222,-0.196864583333333
"17",-0.24995,0.08325,NA,0.18227,-0.133720238095238,-0.0701130952380952,0.413893939393939,-0.00994358178053831,0.347741830065359,-0.00227777777777778,-0.183685897435897
"18",-0.04995,0.416583333333333,NA,0.18227,-0.133720238095238,-0.0701130952380952,0.413893939393939,0.0977168737060041,0.328133986928105,-0.00227777777777778,-0.183685897435897
"19",0.20005,-0.250083333333333,NA,-0.05773,0.00913690476190476,0.21560119047619,-0.131560606060606,0.0521682194616977,0.0536241830065359,-0.00227777777777778,-0.183685897435897
"20",0.10005,-0.250083333333333,NA,-0.05773,0.00913690476190476,0.21560119047619,-0.131560606060606,-0.0596330227743271,0.0585261437908497,-0.00227777777777778,-0.183685897435897
"21",-0.25005,0.16675,NA,-0.0621166666666667,-0.0185049019607843,-0.00978125000000001,0.114720833333333,-0.143908251231527,0.078107905982906,0,-0.269718390804598
"22",-0.10005,0.16675,NA,0.137883333333333,-0.0185049019607843,0.05271875,0.314720833333333,0.0777666256157636,0.394347222222222,0,-0.269718390804598
"23",0.09995,-0.166583333333333,NA,-0.0287833333333333,-0.0185049019607843,-0.07228125,0.164720833333333,0.230475985221675,0.270415598290598,0,-0.269718390804598
"24",0.24995,-0.166583333333333,NA,-0.0287833333333333,-0.136151960784314,0.11521875,0.114720833333333,-0.0503121921182266,0.210586538461538,0,-0.200752873563218
"25",0.1,-0.25,NA,-0.0974366666666667,0.2583125,-0.0678095238095238,-0.123503472222222,0.181839646464646,0.0387212301587302,-0.00236111111111111,-0.197552083333333
"26",-0.25,0.0833333333333333,NA,-0.0574366666666667,0.1333125,0.075047619047619,-0.123503472222222,0.0606275252525252,0.157768849206349,-0.00236111111111111,-0.197552083333333
"27",-0.05,0.416666666666667,NA,-0.0974366666666667,0.2583125,-0.0678095238095238,-0.123503472222222,0.191940656565657,-0.0862787698412698,-0.00236111111111111,-0.155885416666667
"28",0.2,-0.25,NA,0.0625633333333333,0.0083125,0.432190476190476,-0.123503472222222,0.151536616161616,-0.139850198412698,0.330972222222222,-0.155885416666667
"29",-0.25,0.0833333333333333,NA,0.0567839506172839,0.00551190476190476,0.503333333333333,-0.148416666666667,-0.0911030815972222,0.0280519662921348,-0.00219444444444444,-0.194611111111111
"30",0.2,-0.25,NA,-0.0543271604938272,-0.137345238095238,0.0866666666666667,0.0515833333333333,-0.0806864149305555,0.0336699438202247,-0.00219444444444444,-0.194611111111111
"31",0.1,-0.25,NA,-0.0543271604938272,0.00551190476190476,0.253333333333333,-0.148416666666667,0.101605251736111,0.0280519662921348,-0.00219444444444444,-0.194611111111111
"32",-0.05,0.416666666666667,NA,0.0567839506172839,0.00551190476190476,0.503333333333333,-0.148416666666667,0.101605251736111,0.140411516853933,-0.00219444444444444,-0.194611111111111
"33",-0.25,0.0833333333333333,NA,0.152663043478261,-0.135214285714286,-0.0668928571428571,0.450703703703704,-0.0794322510822511,0.335063670411985,-0.00236111111111111,-0.200256944444444
"34",-0.05,0.416666666666667,NA,0.0222282608695652,-0.135214285714286,0.218821428571429,0.0618148148148148,-0.0534582251082251,0.0822546816479401,-0.00236111111111111,-0.200256944444444
"35",0.2,-0.25,NA,-0.0647282608695652,0.1505,-0.0668928571428571,-0.0492962962962963,0.102385930735931,0.0429288389513109,-0.00236111111111111,-0.200256944444444
"36",0.1,-0.25,NA,0.109184782608696,-0.0637857142857143,0.504535714285714,-0.104851851851852,0.201087229437229,0.306973782771536,0.330972222222222,-0.200256944444444
"37",0.2,-0.25,NA,0.0254431818181818,0.150577380952381,0.217541666666667,-0.165916666666667,0.0063468253968254,0.0350279304029304,0.331416666666667,-0.195180555555556
"38",-0.05,0.416666666666667,NA,0.0254431818181818,0.150577380952381,0.217541666666667,-0.165916666666667,0.115870634920635,0.0570059523809524,-0.33525,-0.195180555555556
"39",-0.25,0.0833333333333333,NA,0.0254431818181818,0.150577380952381,0.217541666666667,-0.165916666666667,0.21110873015873,0.166896062271062,-0.00191666666666667,-0.195180555555556
"40",0.1,-0.25,NA,0.0254431818181818,0.150577380952381,0.217541666666667,-0.165916666666667,0.168251587301587,0.227335622710623,0.331416666666667,-0.195180555555556
"41",-0.25,0.0833611111111111,NA,0.169410493827161,-0.133833333333333,0.219315476190476,0.243321428571429,-0.0177048791018998,0.310190476190476,-0.00225,-0.219386363636364
"42",0.2,-0.249972222222222,NA,0.0953364197530864,-0.133833333333333,-0.0663988095238095,0.338559523809524,-0.0798810449050086,0.24352380952381,-0.00225,-0.219386363636364
"43",0.1,-0.249972222222222,NA,-0.0898487654320988,-0.133833333333333,-0.0663988095238095,0.100464285714286,-0.0487929620034542,0.329238095238095,-0.00225,-0.173931818181818
"44",-0.05,0.416694444444444,NA,0.0582993827160494,-0.133833333333333,-0.0663988095238095,0.290940476190476,-0.100606433506045,0.214952380952381,-0.00225,-0.0830227272727273
"45",0.1,-0.166694444444444,NA,0.0681,0.0103910256410256,0.618258333333333,-0.15734375,-0.00113298791018997,0.0913761261261261,0.328555555555556,-0.213657407407407
"46",-0.05,0.499972222222222,NA,0.0681,0.164237179487179,0.318258333333333,-0.15734375,0.169851468048359,0.172457207207207,-0.338111111111111,-0.213657407407407
"47",0.2,-0.166694444444444,NA,-0.0319,0.164237179487179,0.118258333333333,-0.15734375,-0.00631433506044904,-0.00321846846846849,-0.00477777777777778,-0.213657407407407
"48",-0.25,0.166638888888889,NA,-0.0319,0.164237179487179,-0.0817416666666667,-0.03234375,0.0403177892918826,0.0373220720720721,-0.00477777777777778,-0.213657407407407
"49",-0.05,0.416666666666667,NA,0.0924285714285714,0.151613095238095,0.391916666666667,-0.119461805555556,0.28053561452514,0.171756915629322,-0.00230555555555556,-0.203024305555556
"50",0.1,-0.25,NA,0.021,0.00875595238095238,0.391916666666667,-0.119461805555556,0.0291389664804469,0.0472755878284924,0.331027777777778,-0.203024305555556
"51",-0.25,0.0833333333333333,NA,0.021,0.00875595238095238,0.391916666666667,-0.119461805555556,-0.0658331005586592,-0.00251694329183956,-0.00230555555555556,-0.203024305555556
"52",0.2,-0.25,NA,0.021,0.00875595238095238,0.391916666666667,-0.119461805555556,0.101764664804469,0.0472755878284924,0.331027777777778,-0.203024305555556
"53",-0.0499833333333333,0.416611111111111,NA,0.18455,0.151845238095238,-0.0721858974358974,0.252825,0.00176927710843374,0.362462290502793,-0.00202777777777778,-0.216579545454545
"54",0.200016666666667,-0.250055555555556,NA,0.18455,0.151845238095238,0.543198717948718,-0.147175,0.0547813253012048,0.256317039106145,0.331305555555556,-0.216579545454545
"55",0.100016666666667,-0.250055555555556,NA,-0.05545,0.00898809523809523,-0.0721858974358974,0.052825,-0.137989759036145,0.066372905027933,-0.00202777777777778,-0.216579545454545
"56",-0.249983333333333,0.0832777777777778,NA,0.18455,-0.133869047619048,-0.0721858974358974,0.452825,0.0451427710843374,0.479780726256983,-0.00202777777777778,-0.216579545454545
"57",-0.249979166666667,0.25,NA,0.325529761904762,-0.00315740740740742,0.42696875,0.193094696969697,0.177088389121339,0.300414719626168,0,-0.204546296296296
"58",0.250020833333333,0.25,NA,0.146958333333333,-0.114268518518519,0.67696875,-0.125087121212121,0.193824790794979,0.155554906542056,0,-0.204546296296296
"59",2.08333333333144e-05,-0.0833333333333333,NA,0.111244047619048,-0.114268518518519,0.67696875,-0.170541666666667,0.181272489539749,0.160227803738318,0,-0.241583333333333
"60",2.08333333333144e-05,-0.416666666666667,NA,-0.103041666666667,-0.00315740740740742,0.17696875,-0.170541666666667,0.0139084728033473,-0.0220151869158879,0,-0.241583333333333
"61",-0.187520833333333,-0.0833333333333333,NA,-0.0290638888888889,-0.126720588235294,0.380458333333333,-0.128011904761905,-0.0187013257575758,-0.0149374039938556,0,-0.254217948717949
"62",-0.187520833333333,0.25,NA,-0.0957305555555556,-0.126720588235294,-0.0639861111111111,0.0862738095238095,0.054025946969697,0.0587953149001536,0,-0.100371794871795
"63",0.0624791666666667,-0.416666666666667,NA,-0.0957305555555556,-0.126720588235294,-0.0639861111111111,0.0862738095238095,0.0403895833333333,0.0265372503840246,0,-0.254217948717949
"64",0.312479166666667,0.25,NA,0.237602777777778,-0.00907352941176472,-0.0639861111111111,0.371988095238095,0.244935037878788,0.409025729646697,0,-0.21575641025641
"65",-0.187520833333333,-0.0833333333333333,NA,0.0376027777777778,-0.126720588235294,0.491569444444444,-0.128011904761905,0.199480492424242,0.0726201996927803,0,-0.254217948717949
"66",-0.187520833333333,0.25,NA,0.104269444444444,-0.126720588235294,0.602680555555556,-0.128011904761905,0.235844128787879,0.0772284946236559,0,-0.254217948717949
"67",0.0624791666666667,-0.416666666666667,NA,0.0376027777777778,-0.126720588235294,0.491569444444444,-0.128011904761905,0.181298674242424,0.104878264208909,0,-0.254217948717949
"68",0.312479166666667,0.25,NA,0.104269444444444,-0.126720588235294,0.602680555555556,-0.128011904761905,0.0312986742424242,0.109486559139785,0,-0.254217948717949
"69",0.25,0.25,NA,0.10807183908046,-0.127557291666667,0.724388888888889,-0.144839743589744,0.22000975975976,0.131867313915858,0,-0.242929012345679
"70",0,-0.416666666666667,NA,-0.0298591954022989,-0.00255729166666666,0.324388888888889,-0.144839743589744,0.102892642642643,0.0202168284789644,0,-0.205891975308642
"71",-0.25,0.25,NA,0.10807183908046,-0.127557291666667,0.724388888888889,-0.144839743589744,0.314604354354354,0.136721682847896,0,-0.242929012345679
"72",0,-0.0833333333333333,NA,0.10807183908046,-0.127557291666667,0.724388888888889,-0.144839743589744,0.211000750750751,0.117304207119741,0,-0.242929012345679
"73",0.250020833333333,0.25,NA,0.0369137931034482,-0.00461842105263159,0.341041666666667,-0.173462121212121,0.243515330188679,0.0900586734693877,0,-0.229175595238095
"74",-0.249979166666667,0.25,NA,0.0369137931034482,-0.00461842105263159,0.341041666666667,-0.173462121212121,0.366156839622642,0.125772959183673,0,-0.229175595238095
"75",2.08333333333144e-05,-0.0833333333333333,NA,0.0369137931034482,-0.00461842105263159,0.341041666666667,-0.173462121212121,0.106722877358491,0.0492423469387755,0.333333333333333,-0.229175595238095
"76",2.08333333333144e-05,-0.416666666666667,NA,-0.10101724137931,-0.00461842105263159,-0.0589583333333333,0.0083560606060606,0.120873820754717,0.0951607142857143,0,-0.229175595238095
"77",-0.1875,-0.0833333333333333,NA,0.00550595238095238,-0.00615789473684211,-0.071109375,0.139388888888889,0.032797619047619,0.283085784313725,0,-0.235377976190476
"78",0.0625,0.25,NA,-0.208779761904762,-0.111421052631579,-0.071109375,-0.0272777777777778,-0.0564880952380952,-0.0894632352941177,0,-0.128235119047619
"79",0.3125,0.25,NA,-0.0302083333333333,-0.111421052631579,0.428890625,-0.152277777777778,-0.00291666666666668,0.0281838235294118,0,-0.163949404761905
"80",-0.1875,-0.416666666666667,NA,-0.13735119047619,-0.111421052631579,-0.071109375,0.0560555555555556,-0.0654166666666667,-0.0453455882352941,0,-0.19966369047619
"81",-0.1875,-0.0833333333333333,NA,0.11264880952381,-0.111421052631579,-0.071109375,0.347722222222222,0.126547619047619,0.386026960784314,0,-0.235377976190476
"82",0.0625,0.25,NA,-0.101636904761905,-0.111421052631579,0.303890625,-0.152277777777778,-0.0163095238095238,-0.030639705882353,-0.333333333333333,-0.163949404761905
"83",0.3125,0.25,NA,0.0412202380952381,-0.111421052631579,0.553890625,-0.152277777777778,0.0863690476190476,0.0428897058823529,-0.333333333333333,-0.163949404761905
"84",-0.1875,-0.416666666666667,NA,-0.065922619047619,-0.111421052631579,-0.071109375,0.139388888888889,0.0997619047619047,0.165438725490196,0.333333333333333,-0.163949404761905
"85",-0.187520833333333,-0.0833333333333333,NA,-0.0290258620689655,-0.111214912280702,0.401936274509804,-0.150878472222222,-0.0183706349206349,-0.0155919405320814,0,-0.274947916666667
"86",-0.187520833333333,0.25,NA,-0.0979913793103448,-0.111214912280702,-0.0686519607843137,0.0991215277777778,0.0578198412698413,0.0595254303599374,0,-0.10828125
"87",0.0624791666666667,-0.416666666666667,NA,-0.0979913793103448,-0.111214912280702,-0.0686519607843137,0.0991215277777778,0.043534126984127,0.0266615805946792,0,-0.274947916666667
"88",0.312479166666667,0.25,NA,0.246836206896552,-0.00595175438596492,-0.0686519607843137,0.432454861111111,0.257819841269841,0.416332942097027,0,-0.23328125
"89",-0.187520833333333,-0.0833333333333333,NA,0.0399396551724138,-0.111214912280702,0.519583333333333,-0.150878472222222,0.210200793650794,0.0736099374021909,0,-0.274947916666667
"90",-0.187520833333333,0.25,NA,0.108905172413793,-0.111214912280702,0.637230392156863,-0.150878472222222,0.248296031746032,0.0783047730829421,0,-0.274947916666667
"91",0.0624791666666667,-0.416666666666667,NA,0.0399396551724138,-0.111214912280702,0.519583333333333,-0.150878472222222,0.191153174603175,0.106473787167449,0,-0.274947916666667
"92",0.312479166666667,0.25,NA,0.108905172413793,-0.111214912280702,0.637230392156863,-0.150878472222222,0.0340103174603175,0.1111686228482,0,-0.274947916666667
"93",0,-0.0833333333333333,NA,0.137075,-0.00555729166666666,0.488767857142857,0.181731884057971,0.386524242424242,0.44534475465313,0,-0.208987179487179
"94",0.25,0.25,NA,0.237075,-0.130557291666667,0.774482142857143,-0.122615942028986,0.404706060606061,0.501182318104907,0,-0.208987179487179
"95",-0.25,0.25,NA,0.137075,-0.130557291666667,0.774482142857143,-0.166094202898551,0.36379696969697,0.262603637901861,0,-0.0936025641025641
"96",0,-0.416666666666667,NA,-0.0295916666666667,-0.00555729166666666,0.203053571428571,-0.166094202898551,0.291069696969697,0.176309221658206,0,-0.0936025641025641
"97",-0.249979166666667,0.25,NA,-0.0662559523809524,0.27362962962963,-0.0610526315789474,-0.173787878787879,0.134660164271047,0.0147677664974619,0,-0.132384615384615
"98",2.08333333333144e-05,-0.416666666666667,NA,-0.101970238095238,0.218074074074074,-0.0610526315789474,-0.173787878787879,0.101805954825462,-0.0258413705583756,0.333333333333333,-0.132384615384615
"99",2.08333333333144e-05,-0.0833333333333333,NA,-0.0662559523809524,-0.00414814814814816,0.0968421052631579,-0.0828787878787879,0.00735010266940451,0.00969162436548223,0.333333333333333,-0.0554615384615385
"100",0.250020833333333,0.25,NA,-0.209113095238095,-0.00414814814814816,-0.0610526315789474,-0.128333333333333,0.0566314168377823,-0.0410697969543147,0,-0.132384615384615
"101",-0.1875,-0.0833333333333333,NA,0.00658244106060045,-0.00565466266533288,-0.0628728094550035,0.139786178726242,0.0358719081626717,0.294603728453702,0,-0.245236066343102
"102",0.0625,0.25,NA,-0.215639781161622,-0.116765773776444,-0.0628728094550035,-0.0268804879404246,-0.0624081901174265,-0.0931513735871141,0,-0.134124955231991
"103",0.3125,0.25,NA,-0.0304545959764366,-0.116765773776444,0.381571634989441,-0.151880487940425,-0.00344013114936757,0.0292976060047227,0,-0.171161992269028
"104",-0.1875,-0.416666666666667,NA,-0.141565707087548,-0.116765773776444,-0.0628728094550035,0.0564528453929088,-0.0722361999454364,-0.0472330062401753,0,-0.208199029306065
"105",-0.1875,-0.0833333333333333,NA,0.117693552171712,-0.116765773776444,-0.0628728094550035,0.348119512059575,0.139066011356775,0.401746585596559,0,-0.245236066343102
"106",0.0625,0.25,NA,-0.104528670050511,-0.116765773776444,0.27046052387833,-0.151880487940425,-0.0181821458913823,-0.0319268837911957,-0.333333333333333,-0.171161992269028
"107",0.3125,0.25,NA,0.0436194780976375,-0.116765773776444,0.492682746100552,-0.151880487940425,0.0948399671307307,0.0446037284537023,-0.333333333333333,-0.171161992269028
"108",-0.1875,-0.416666666666667,NA,-0.0674916330134736,-0.116765773776444,-0.0628728094550035,0.139786178726242,0.109581981872745,0.172154748861866,0.333333333333333,-0.171161992269028
